0,451
0,450
0,449
0,448
0,447
0,446
0,445
0,444
0,443
0,442
0,441
0,440
0,439
0,438
0,437
0,436
0,435
0,434
0,433
0,432
0,431
0,430
0,429
0,428
0,427
0,426
0,425
0,424
0,423
0,422
0,421
0,420
38,4
38,3
38,2
0,419
38,1
38,0
0,418
0,417
37,3
37,2
0,416
37,1
37,0
0,415
0,414
0,413
0,412
0,411
0,410
0,409
0,408
0,407
0,406
36,4
36,3
36,2
0,405
36,1
36,0
0,404
0,403
0,402
0,401
0,400
0,399
35,4
35,3
35,2
35,1
35,0
0,398
0,397
0,396
34,4
34,3
34,2
34,1
34,0
33,4
33,3
33,2
33,1
33,0
0,395
32,3
32,2
32,1
32,0
0,278
0,9
0,394
0,393
0,392
0,391
